(kicad_pcb (version 20171130) (host pcbnew "(5.1.8)-1")

  (general
    (thickness 1.6)
    (drawings 25)
    (tracks 29)
    (zones 0)
    (modules 58)
    (nets 19)
  )

  (page A4)
  (layers
    (0 F.Cu signal)
    (31 B.Cu signal)
    (32 B.Adhes user)
    (33 F.Adhes user)
    (34 B.Paste user)
    (35 F.Paste user)
    (36 B.SilkS user)
    (37 F.SilkS user)
    (38 B.Mask user)
    (39 F.Mask user)
    (40 Dwgs.User user)
    (41 Cmts.User user)
    (42 Eco1.User user)
    (43 Eco2.User user)
    (44 Edge.Cuts user)
    (45 Margin user)
    (46 B.CrtYd user)
    (47 F.CrtYd user)
    (48 B.Fab user hide)
    (49 F.Fab user hide)
  )

  (setup
    (last_trace_width 0.2)
    (user_trace_width 0.2)
    (user_trace_width 0.5)
    (trace_clearance 0.2)
    (zone_clearance 0.508)
    (zone_45_only no)
    (trace_min 0.2)
    (via_size 0.8)
    (via_drill 0.4)
    (via_min_size 0.4)
    (via_min_drill 0.3)
    (user_via 0.5 0.3)
    (uvia_size 0.3)
    (uvia_drill 0.1)
    (uvias_allowed no)
    (uvia_min_size 0.2)
    (uvia_min_drill 0.1)
    (edge_width 0.05)
    (segment_width 0.2)
    (pcb_text_width 0.3)
    (pcb_text_size 1.5 1.5)
    (mod_edge_width 0.12)
    (mod_text_size 1 1)
    (mod_text_width 0.15)
    (pad_size 1.524 1.524)
    (pad_drill 0.762)
    (pad_to_mask_clearance 0)
    (aux_axis_origin 0 0)
    (visible_elements 7FFFFFFF)
    (pcbplotparams
      (layerselection 0x010fc_ffffffff)
      (usegerberextensions false)
      (usegerberattributes true)
      (usegerberadvancedattributes true)
      (creategerberjobfile true)
      (excludeedgelayer true)
      (linewidth 0.100000)
      (plotframeref false)
      (viasonmask false)
      (mode 1)
      (useauxorigin false)
      (hpglpennumber 1)
      (hpglpenspeed 20)
      (hpglpendiameter 15.000000)
      (psnegative false)
      (psa4output false)
      (plotreference true)
      (plotvalue true)
      (plotinvisibletext false)
      (padsonsilk false)
      (subtractmaskfromsilk false)
      (outputformat 1)
      (mirror false)
      (drillshape 1)
      (scaleselection 1)
      (outputdirectory ""))
  )

  (net 0 "")
  (net 1 +5V)
  (net 2 GND)
  (net 3 "Net-(C3-Pad1)")
  (net 4 "Net-(C3-Pad2)")
  (net 5 /VREF)
  (net 6 "Net-(C8-Pad1)")
  (net 7 /ISEN)
  (net 8 /VSEN)
  (net 9 "Net-(D1-Pad2)")
  (net 10 "Net-(D5-Pad1)")
  (net 11 /FAULT_OVP)
  (net 12 +BATT)
  (net 13 /ISEN+)
  (net 14 /ISEN-)
  (net 15 "Net-(Q1-Pad3)")
  (net 16 "Net-(R5-Pad1)")
  (net 17 "Net-(R6-Pad2)")
  (net 18 "Net-(R6-Pad1)")

  (net_class Default "This is the default net class."
    (clearance 0.2)
    (trace_width 0.25)
    (via_dia 0.8)
    (via_drill 0.4)
    (uvia_dia 0.3)
    (uvia_drill 0.1)
    (add_net +5V)
    (add_net +BATT)
    (add_net /FAULT_OVP)
    (add_net /ISEN)
    (add_net /ISEN+)
    (add_net /ISEN-)
    (add_net /VREF)
    (add_net /VSEN)
    (add_net GND)
    (add_net "Net-(C3-Pad1)")
    (add_net "Net-(C3-Pad2)")
    (add_net "Net-(C8-Pad1)")
    (add_net "Net-(D1-Pad2)")
    (add_net "Net-(D5-Pad1)")
    (add_net "Net-(Q1-Pad3)")
    (add_net "Net-(R5-Pad1)")
    (add_net "Net-(R6-Pad1)")
    (add_net "Net-(R6-Pad2)")
  )

  (module WPT_RX:TO-277B (layer B.Cu) (tedit 5FB2134C) (tstamp 5FB2925B)
    (at 146 127 270)
    (descr "TO-227B https://media.digikey.com/pdf/Data%20Sheets/Littelfuse%20PDFs/DST2050S.pdf")
    (tags TO-277B)
    (path /5FAE4C6E)
    (attr smd)
    (fp_text reference D1 (at -2.8 -1.4) (layer B.SilkS)
      (effects (font (size 0.5 0.5) (thickness 0.125)) (justify mirror))
    )
    (fp_text value FSV12100V (at 0 -4.7 270) (layer B.Fab)
      (effects (font (size 1 1) (thickness 0.15)) (justify mirror))
    )
    (fp_text user %R (at 0 0 90) (layer B.Fab)
      (effects (font (size 0.9 0.9) (thickness 0.15)) (justify mirror))
    )
    (fp_line (start 1.85 -2.94) (end 2.24 -2.94) (layer B.CrtYd) (width 0.05))
    (fp_line (start 1.85 -3.9) (end 1.85 -2.94) (layer B.CrtYd) (width 0.05))
    (fp_line (start -1.85 -3.9) (end -1.85 -2.94) (layer B.CrtYd) (width 0.05))
    (fp_line (start -2.24 -2.94) (end -1.85 -2.94) (layer B.CrtYd) (width 0.05))
    (fp_line (start 1.7 2.94) (end 2.24 2.94) (layer B.CrtYd) (width 0.05))
    (fp_line (start 1.7 2.94) (end 1.7 3.9) (layer B.CrtYd) (width 0.05))
    (fp_line (start -1.7 2.94) (end -1.7 3.9) (layer B.CrtYd) (width 0.05))
    (fp_line (start -2.24 2.94) (end -1.7 2.94) (layer B.CrtYd) (width 0.05))
    (fp_line (start -1.99 1.69) (end -0.99 2.69) (layer B.Fab) (width 0.1))
    (fp_line (start -1.85 -2.81) (end -2.11 -2.81) (layer B.SilkS) (width 0.12))
    (fp_line (start 2.11 -2.81) (end 1.85 -2.81) (layer B.SilkS) (width 0.12))
    (fp_line (start -1.7 2.81) (end -1.7 3.6) (layer B.SilkS) (width 0.12))
    (fp_line (start -1.7 3.9) (end 1.7 3.9) (layer B.CrtYd) (width 0.05))
    (fp_line (start -2.24 2.94) (end -2.24 -2.94) (layer B.CrtYd) (width 0.05))
    (fp_line (start 2.24 -2.94) (end 2.24 2.94) (layer B.CrtYd) (width 0.05))
    (fp_line (start 1.85 -3.9) (end -1.85 -3.9) (layer B.CrtYd) (width 0.05))
    (fp_line (start -1.99 -2.69) (end 1.99 -2.69) (layer B.Fab) (width 0.1))
    (fp_line (start -1.99 1.69) (end -1.99 -2.69) (layer B.Fab) (width 0.1))
    (fp_line (start 1.99 2.69) (end -1 2.69) (layer B.Fab) (width 0.1))
    (fp_line (start 1.99 -2.69) (end 1.99 2.69) (layer B.Fab) (width 0.1))
    (fp_line (start 2.11 -2.81) (end 2.11 2.81) (layer B.SilkS) (width 0.12))
    (fp_line (start -2.11 2.81) (end -2.11 -2.81) (layer B.SilkS) (width 0.12))
    (fp_line (start -1.7 2.81) (end -2.11 2.81) (layer B.SilkS) (width 0.12))
    (fp_line (start 2.11 2.81) (end 1.7 2.81) (layer B.SilkS) (width 0.12))
    (pad 2 smd rect (at -0.97 3.15 270) (size 0.95 1) (layers B.Cu B.Paste B.Mask)
      (net 9 "Net-(D1-Pad2)"))
    (pad 1 smd rect (at 0 -1.2 270) (size 3.2 4.9) (layers B.Cu B.Mask)
      (net 8 /VSEN))
    (pad 2 smd rect (at 0.97 3.15 270) (size 0.95 1) (layers B.Cu B.Paste B.Mask)
      (net 9 "Net-(D1-Pad2)"))
    (pad "" smd rect (at -0.9 0.6 270) (size 1.3 1.2) (layers B.Paste))
    (pad "" smd rect (at -0.9 -1.2 270) (size 1.3 1.2) (layers B.Paste))
    (pad "" smd rect (at 0.9 0.6 270) (size 1.3 1.2) (layers B.Paste))
    (pad "" smd rect (at 0.9 -1.2 270) (size 1.3 1.2) (layers B.Paste))
    (pad "" smd rect (at -0.9 -3 270) (size 1.3 1.2) (layers B.Paste))
    (pad "" smd rect (at 0.9 -3 270) (size 1.3 1.2) (layers B.Paste))
    (model ${KISYS3DMOD}/Package_TO_SOT_SMD.3dshapes/TO-277B.wrl
      (at (xyz 0 0 0))
      (scale (xyz 1 1 1))
      (rotate (xyz 0 0 0))
    )
  )

  (module WPT_RX:TO-277B (layer B.Cu) (tedit 5FB2134C) (tstamp 5FB28238)
    (at 146 118 90)
    (descr "TO-227B https://media.digikey.com/pdf/Data%20Sheets/Littelfuse%20PDFs/DST2050S.pdf")
    (tags TO-277B)
    (path /5FAE69EC)
    (attr smd)
    (fp_text reference D2 (at 2.8 0.8) (layer B.SilkS)
      (effects (font (size 0.5 0.5) (thickness 0.125)) (justify mirror))
    )
    (fp_text value FSV12100V (at 0 -4.7 270) (layer B.Fab)
      (effects (font (size 1 1) (thickness 0.15)) (justify mirror))
    )
    (fp_text user %R (at 0 0 90) (layer B.Fab)
      (effects (font (size 0.9 0.9) (thickness 0.15)) (justify mirror))
    )
    (fp_line (start 1.85 -2.94) (end 2.24 -2.94) (layer B.CrtYd) (width 0.05))
    (fp_line (start 1.85 -3.9) (end 1.85 -2.94) (layer B.CrtYd) (width 0.05))
    (fp_line (start -1.85 -3.9) (end -1.85 -2.94) (layer B.CrtYd) (width 0.05))
    (fp_line (start -2.24 -2.94) (end -1.85 -2.94) (layer B.CrtYd) (width 0.05))
    (fp_line (start 1.7 2.94) (end 2.24 2.94) (layer B.CrtYd) (width 0.05))
    (fp_line (start 1.7 2.94) (end 1.7 3.9) (layer B.CrtYd) (width 0.05))
    (fp_line (start -1.7 2.94) (end -1.7 3.9) (layer B.CrtYd) (width 0.05))
    (fp_line (start -2.24 2.94) (end -1.7 2.94) (layer B.CrtYd) (width 0.05))
    (fp_line (start -1.99 1.69) (end -0.99 2.69) (layer B.Fab) (width 0.1))
    (fp_line (start -1.85 -2.81) (end -2.11 -2.81) (layer B.SilkS) (width 0.12))
    (fp_line (start 2.11 -2.81) (end 1.85 -2.81) (layer B.SilkS) (width 0.12))
    (fp_line (start -1.7 2.81) (end -1.7 3.6) (layer B.SilkS) (width 0.12))
    (fp_line (start -1.7 3.9) (end 1.7 3.9) (layer B.CrtYd) (width 0.05))
    (fp_line (start -2.24 2.94) (end -2.24 -2.94) (layer B.CrtYd) (width 0.05))
    (fp_line (start 2.24 -2.94) (end 2.24 2.94) (layer B.CrtYd) (width 0.05))
    (fp_line (start 1.85 -3.9) (end -1.85 -3.9) (layer B.CrtYd) (width 0.05))
    (fp_line (start -1.99 -2.69) (end 1.99 -2.69) (layer B.Fab) (width 0.1))
    (fp_line (start -1.99 1.69) (end -1.99 -2.69) (layer B.Fab) (width 0.1))
    (fp_line (start 1.99 2.69) (end -1 2.69) (layer B.Fab) (width 0.1))
    (fp_line (start 1.99 -2.69) (end 1.99 2.69) (layer B.Fab) (width 0.1))
    (fp_line (start 2.11 -2.81) (end 2.11 2.81) (layer B.SilkS) (width 0.12))
    (fp_line (start -2.11 2.81) (end -2.11 -2.81) (layer B.SilkS) (width 0.12))
    (fp_line (start -1.7 2.81) (end -2.11 2.81) (layer B.SilkS) (width 0.12))
    (fp_line (start 2.11 2.81) (end 1.7 2.81) (layer B.SilkS) (width 0.12))
    (pad 2 smd rect (at -0.97 3.15 90) (size 0.95 1) (layers B.Cu B.Paste B.Mask)
      (net 2 GND))
    (pad 1 smd rect (at 0 -1.2 90) (size 3.2 4.9) (layers B.Cu B.Mask)
      (net 9 "Net-(D1-Pad2)"))
    (pad 2 smd rect (at 0.97 3.15 90) (size 0.95 1) (layers B.Cu B.Paste B.Mask)
      (net 2 GND))
    (pad "" smd rect (at -0.9 0.6 90) (size 1.3 1.2) (layers B.Paste))
    (pad "" smd rect (at -0.9 -1.2 90) (size 1.3 1.2) (layers B.Paste))
    (pad "" smd rect (at 0.9 0.6 90) (size 1.3 1.2) (layers B.Paste))
    (pad "" smd rect (at 0.9 -1.2 90) (size 1.3 1.2) (layers B.Paste))
    (pad "" smd rect (at -0.9 -3 90) (size 1.3 1.2) (layers B.Paste))
    (pad "" smd rect (at 0.9 -3 90) (size 1.3 1.2) (layers B.Paste))
    (model ${KISYS3DMOD}/Package_TO_SOT_SMD.3dshapes/TO-277B.wrl
      (at (xyz 0 0 0))
      (scale (xyz 1 1 1))
      (rotate (xyz 0 0 0))
    )
  )

  (module WPT_RX:TO-277B (layer B.Cu) (tedit 5FB2134C) (tstamp 5FB2825D)
    (at 146 109 270)
    (descr "TO-227B https://media.digikey.com/pdf/Data%20Sheets/Littelfuse%20PDFs/DST2050S.pdf")
    (tags TO-277B)
    (path /5FAE66EB)
    (attr smd)
    (fp_text reference D3 (at -2.8 -1.2) (layer B.SilkS)
      (effects (font (size 0.5 0.5) (thickness 0.125)) (justify mirror))
    )
    (fp_text value FSV12100V (at 0 -4.7 270) (layer B.Fab)
      (effects (font (size 1 1) (thickness 0.15)) (justify mirror))
    )
    (fp_text user %R (at 0 0 90) (layer B.Fab)
      (effects (font (size 0.9 0.9) (thickness 0.15)) (justify mirror))
    )
    (fp_line (start 1.85 -2.94) (end 2.24 -2.94) (layer B.CrtYd) (width 0.05))
    (fp_line (start 1.85 -3.9) (end 1.85 -2.94) (layer B.CrtYd) (width 0.05))
    (fp_line (start -1.85 -3.9) (end -1.85 -2.94) (layer B.CrtYd) (width 0.05))
    (fp_line (start -2.24 -2.94) (end -1.85 -2.94) (layer B.CrtYd) (width 0.05))
    (fp_line (start 1.7 2.94) (end 2.24 2.94) (layer B.CrtYd) (width 0.05))
    (fp_line (start 1.7 2.94) (end 1.7 3.9) (layer B.CrtYd) (width 0.05))
    (fp_line (start -1.7 2.94) (end -1.7 3.9) (layer B.CrtYd) (width 0.05))
    (fp_line (start -2.24 2.94) (end -1.7 2.94) (layer B.CrtYd) (width 0.05))
    (fp_line (start -1.99 1.69) (end -0.99 2.69) (layer B.Fab) (width 0.1))
    (fp_line (start -1.85 -2.81) (end -2.11 -2.81) (layer B.SilkS) (width 0.12))
    (fp_line (start 2.11 -2.81) (end 1.85 -2.81) (layer B.SilkS) (width 0.12))
    (fp_line (start -1.7 2.81) (end -1.7 3.6) (layer B.SilkS) (width 0.12))
    (fp_line (start -1.7 3.9) (end 1.7 3.9) (layer B.CrtYd) (width 0.05))
    (fp_line (start -2.24 2.94) (end -2.24 -2.94) (layer B.CrtYd) (width 0.05))
    (fp_line (start 2.24 -2.94) (end 2.24 2.94) (layer B.CrtYd) (width 0.05))
    (fp_line (start 1.85 -3.9) (end -1.85 -3.9) (layer B.CrtYd) (width 0.05))
    (fp_line (start -1.99 -2.69) (end 1.99 -2.69) (layer B.Fab) (width 0.1))
    (fp_line (start -1.99 1.69) (end -1.99 -2.69) (layer B.Fab) (width 0.1))
    (fp_line (start 1.99 2.69) (end -1 2.69) (layer B.Fab) (width 0.1))
    (fp_line (start 1.99 -2.69) (end 1.99 2.69) (layer B.Fab) (width 0.1))
    (fp_line (start 2.11 -2.81) (end 2.11 2.81) (layer B.SilkS) (width 0.12))
    (fp_line (start -2.11 2.81) (end -2.11 -2.81) (layer B.SilkS) (width 0.12))
    (fp_line (start -1.7 2.81) (end -2.11 2.81) (layer B.SilkS) (width 0.12))
    (fp_line (start 2.11 2.81) (end 1.7 2.81) (layer B.SilkS) (width 0.12))
    (pad 2 smd rect (at -0.97 3.15 270) (size 0.95 1) (layers B.Cu B.Paste B.Mask)
      (net 3 "Net-(C3-Pad1)"))
    (pad 1 smd rect (at 0 -1.2 270) (size 3.2 4.9) (layers B.Cu B.Mask)
      (net 8 /VSEN))
    (pad 2 smd rect (at 0.97 3.15 270) (size 0.95 1) (layers B.Cu B.Paste B.Mask)
      (net 3 "Net-(C3-Pad1)"))
    (pad "" smd rect (at -0.9 0.6 270) (size 1.3 1.2) (layers B.Paste))
    (pad "" smd rect (at -0.9 -1.2 270) (size 1.3 1.2) (layers B.Paste))
    (pad "" smd rect (at 0.9 0.6 270) (size 1.3 1.2) (layers B.Paste))
    (pad "" smd rect (at 0.9 -1.2 270) (size 1.3 1.2) (layers B.Paste))
    (pad "" smd rect (at -0.9 -3 270) (size 1.3 1.2) (layers B.Paste))
    (pad "" smd rect (at 0.9 -3 270) (size 1.3 1.2) (layers B.Paste))
    (model ${KISYS3DMOD}/Package_TO_SOT_SMD.3dshapes/TO-277B.wrl
      (at (xyz 0 0 0))
      (scale (xyz 1 1 1))
      (rotate (xyz 0 0 0))
    )
  )

  (module WPT_RX:TO-277B (layer B.Cu) (tedit 5FB2134C) (tstamp 5FB2D625)
    (at 146 136 90)
    (descr "TO-227B https://media.digikey.com/pdf/Data%20Sheets/Littelfuse%20PDFs/DST2050S.pdf")
    (tags TO-277B)
    (path /5FAE7195)
    (attr smd)
    (fp_text reference D4 (at -2.8 0.8) (layer B.SilkS)
      (effects (font (size 0.5 0.5) (thickness 0.125)) (justify mirror))
    )
    (fp_text value FSV12100V (at 0 -4.7 270) (layer B.Fab)
      (effects (font (size 1 1) (thickness 0.15)) (justify mirror))
    )
    (fp_text user %R (at 0 0 90) (layer B.Fab)
      (effects (font (size 0.9 0.9) (thickness 0.15)) (justify mirror))
    )
    (fp_line (start 1.85 -2.94) (end 2.24 -2.94) (layer B.CrtYd) (width 0.05))
    (fp_line (start 1.85 -3.9) (end 1.85 -2.94) (layer B.CrtYd) (width 0.05))
    (fp_line (start -1.85 -3.9) (end -1.85 -2.94) (layer B.CrtYd) (width 0.05))
    (fp_line (start -2.24 -2.94) (end -1.85 -2.94) (layer B.CrtYd) (width 0.05))
    (fp_line (start 1.7 2.94) (end 2.24 2.94) (layer B.CrtYd) (width 0.05))
    (fp_line (start 1.7 2.94) (end 1.7 3.9) (layer B.CrtYd) (width 0.05))
    (fp_line (start -1.7 2.94) (end -1.7 3.9) (layer B.CrtYd) (width 0.05))
    (fp_line (start -2.24 2.94) (end -1.7 2.94) (layer B.CrtYd) (width 0.05))
    (fp_line (start -1.99 1.69) (end -0.99 2.69) (layer B.Fab) (width 0.1))
    (fp_line (start -1.85 -2.81) (end -2.11 -2.81) (layer B.SilkS) (width 0.12))
    (fp_line (start 2.11 -2.81) (end 1.85 -2.81) (layer B.SilkS) (width 0.12))
    (fp_line (start -1.7 2.81) (end -1.7 3.6) (layer B.SilkS) (width 0.12))
    (fp_line (start -1.7 3.9) (end 1.7 3.9) (layer B.CrtYd) (width 0.05))
    (fp_line (start -2.24 2.94) (end -2.24 -2.94) (layer B.CrtYd) (width 0.05))
    (fp_line (start 2.24 -2.94) (end 2.24 2.94) (layer B.CrtYd) (width 0.05))
    (fp_line (start 1.85 -3.9) (end -1.85 -3.9) (layer B.CrtYd) (width 0.05))
    (fp_line (start -1.99 -2.69) (end 1.99 -2.69) (layer B.Fab) (width 0.1))
    (fp_line (start -1.99 1.69) (end -1.99 -2.69) (layer B.Fab) (width 0.1))
    (fp_line (start 1.99 2.69) (end -1 2.69) (layer B.Fab) (width 0.1))
    (fp_line (start 1.99 -2.69) (end 1.99 2.69) (layer B.Fab) (width 0.1))
    (fp_line (start 2.11 -2.81) (end 2.11 2.81) (layer B.SilkS) (width 0.12))
    (fp_line (start -2.11 2.81) (end -2.11 -2.81) (layer B.SilkS) (width 0.12))
    (fp_line (start -1.7 2.81) (end -2.11 2.81) (layer B.SilkS) (width 0.12))
    (fp_line (start 2.11 2.81) (end 1.7 2.81) (layer B.SilkS) (width 0.12))
    (pad 2 smd rect (at -0.97 3.15 90) (size 0.95 1) (layers B.Cu B.Paste B.Mask)
      (net 2 GND))
    (pad 1 smd rect (at 0 -1.2 90) (size 3.2 4.9) (layers B.Cu B.Mask)
      (net 3 "Net-(C3-Pad1)"))
    (pad 2 smd rect (at 0.97 3.15 90) (size 0.95 1) (layers B.Cu B.Paste B.Mask)
      (net 2 GND))
    (pad "" smd rect (at -0.9 0.6 90) (size 1.3 1.2) (layers B.Paste))
    (pad "" smd rect (at -0.9 -1.2 90) (size 1.3 1.2) (layers B.Paste))
    (pad "" smd rect (at 0.9 0.6 90) (size 1.3 1.2) (layers B.Paste))
    (pad "" smd rect (at 0.9 -1.2 90) (size 1.3 1.2) (layers B.Paste))
    (pad "" smd rect (at -0.9 -3 90) (size 1.3 1.2) (layers B.Paste))
    (pad "" smd rect (at 0.9 -3 90) (size 1.3 1.2) (layers B.Paste))
    (model ${KISYS3DMOD}/Package_TO_SOT_SMD.3dshapes/TO-277B.wrl
      (at (xyz 0 0 0))
      (scale (xyz 1 1 1))
      (rotate (xyz 0 0 0))
    )
  )

  (module Capacitor_SMD:C_0603_1608Metric (layer F.Cu) (tedit 5F68FEEE) (tstamp 5FB2AE92)
    (at 165.6 125 90)
    (descr "Capacitor SMD 0603 (1608 Metric), square (rectangular) end terminal, IPC_7351 nominal, (Body size source: IPC-SM-782 page 76, https://www.pcb-3d.com/wordpress/wp-content/uploads/ipc-sm-782a_amendment_1_and_2.pdf), generated with kicad-footprint-generator")
    (tags capacitor)
    (path /5FBFA54B)
    (attr smd)
    (fp_text reference C1 (at 0.6 1.6 180) (layer F.SilkS)
      (effects (font (size 0.5 0.5) (thickness 0.125)))
    )
    (fp_text value 0.1u (at 0 1.43 90) (layer F.Fab)
      (effects (font (size 1 1) (thickness 0.15)))
    )
    (fp_line (start -0.8 0.4) (end -0.8 -0.4) (layer F.Fab) (width 0.1))
    (fp_line (start -0.8 -0.4) (end 0.8 -0.4) (layer F.Fab) (width 0.1))
    (fp_line (start 0.8 -0.4) (end 0.8 0.4) (layer F.Fab) (width 0.1))
    (fp_line (start 0.8 0.4) (end -0.8 0.4) (layer F.Fab) (width 0.1))
    (fp_line (start -0.14058 -0.51) (end 0.14058 -0.51) (layer F.SilkS) (width 0.12))
    (fp_line (start -0.14058 0.51) (end 0.14058 0.51) (layer F.SilkS) (width 0.12))
    (fp_line (start -1.48 0.73) (end -1.48 -0.73) (layer F.CrtYd) (width 0.05))
    (fp_line (start -1.48 -0.73) (end 1.48 -0.73) (layer F.CrtYd) (width 0.05))
    (fp_line (start 1.48 -0.73) (end 1.48 0.73) (layer F.CrtYd) (width 0.05))
    (fp_line (start 1.48 0.73) (end -1.48 0.73) (layer F.CrtYd) (width 0.05))
    (fp_text user %R (at 0 0 90) (layer F.Fab)
      (effects (font (size 0.4 0.4) (thickness 0.06)))
    )
    (pad 1 smd roundrect (at -0.775 0 90) (size 0.9 0.95) (layers F.Cu F.Paste F.Mask) (roundrect_rratio 0.25)
      (net 1 +5V))
    (pad 2 smd roundrect (at 0.775 0 90) (size 0.9 0.95) (layers F.Cu F.Paste F.Mask) (roundrect_rratio 0.25)
      (net 2 GND))
    (model ${KISYS3DMOD}/Capacitor_SMD.3dshapes/C_0603_1608Metric.wrl
      (at (xyz 0 0 0))
      (scale (xyz 1 1 1))
      (rotate (xyz 0 0 0))
    )
  )

  (module Capacitor_SMD:C_0603_1608Metric (layer F.Cu) (tedit 5F68FEEE) (tstamp 5FAEEF8D)
    (at 156.5 120.725 270)
    (descr "Capacitor SMD 0603 (1608 Metric), square (rectangular) end terminal, IPC_7351 nominal, (Body size source: IPC-SM-782 page 76, https://www.pcb-3d.com/wordpress/wp-content/uploads/ipc-sm-782a_amendment_1_and_2.pdf), generated with kicad-footprint-generator")
    (tags capacitor)
    (path /5FBBCC21)
    (attr smd)
    (fp_text reference C2 (at 0 -1.43 90) (layer F.SilkS)
      (effects (font (size 1 1) (thickness 0.15)))
    )
    (fp_text value 0.1u (at 0 1.43 90) (layer F.Fab)
      (effects (font (size 1 1) (thickness 0.15)))
    )
    (fp_line (start 1.48 0.73) (end -1.48 0.73) (layer F.CrtYd) (width 0.05))
    (fp_line (start 1.48 -0.73) (end 1.48 0.73) (layer F.CrtYd) (width 0.05))
    (fp_line (start -1.48 -0.73) (end 1.48 -0.73) (layer F.CrtYd) (width 0.05))
    (fp_line (start -1.48 0.73) (end -1.48 -0.73) (layer F.CrtYd) (width 0.05))
    (fp_line (start -0.14058 0.51) (end 0.14058 0.51) (layer F.SilkS) (width 0.12))
    (fp_line (start -0.14058 -0.51) (end 0.14058 -0.51) (layer F.SilkS) (width 0.12))
    (fp_line (start 0.8 0.4) (end -0.8 0.4) (layer F.Fab) (width 0.1))
    (fp_line (start 0.8 -0.4) (end 0.8 0.4) (layer F.Fab) (width 0.1))
    (fp_line (start -0.8 -0.4) (end 0.8 -0.4) (layer F.Fab) (width 0.1))
    (fp_line (start -0.8 0.4) (end -0.8 -0.4) (layer F.Fab) (width 0.1))
    (fp_text user %R (at 0 0 90) (layer F.Fab)
      (effects (font (size 0.4 0.4) (thickness 0.06)))
    )
    (pad 2 smd roundrect (at 0.775 0 270) (size 0.9 0.95) (layers F.Cu F.Paste F.Mask) (roundrect_rratio 0.25)
      (net 2 GND))
    (pad 1 smd roundrect (at -0.775 0 270) (size 0.9 0.95) (layers F.Cu F.Paste F.Mask) (roundrect_rratio 0.25)
      (net 1 +5V))
    (model ${KISYS3DMOD}/Capacitor_SMD.3dshapes/C_0603_1608Metric.wrl
      (at (xyz 0 0 0))
      (scale (xyz 1 1 1))
      (rotate (xyz 0 0 0))
    )
  )

  (module Capacitor_SMD:C_2220_5650Metric (layer F.Cu) (tedit 5F68FEEE) (tstamp 5FAEEF9E)
    (at 119.5 116 180)
    (descr "Capacitor SMD 2220 (5650 Metric), square (rectangular) end terminal, IPC_7351 nominal, (Body size from: http://datasheets.avx.com/AVX-HV_MLCC.pdf), generated with kicad-footprint-generator")
    (tags capacitor)
    (path /5FB029DB)
    (attr smd)
    (fp_text reference C3 (at 0 0.2) (layer F.SilkS)
      (effects (font (size 0.5 0.5) (thickness 0.125)))
    )
    (fp_text value 100n (at 0 3.65) (layer F.Fab)
      (effects (font (size 1 1) (thickness 0.15)))
    )
    (fp_line (start -2.85 2.5) (end -2.85 -2.5) (layer F.Fab) (width 0.1))
    (fp_line (start -2.85 -2.5) (end 2.85 -2.5) (layer F.Fab) (width 0.1))
    (fp_line (start 2.85 -2.5) (end 2.85 2.5) (layer F.Fab) (width 0.1))
    (fp_line (start 2.85 2.5) (end -2.85 2.5) (layer F.Fab) (width 0.1))
    (fp_line (start -1.415748 -2.61) (end 1.415748 -2.61) (layer F.SilkS) (width 0.12))
    (fp_line (start -1.415748 2.61) (end 1.415748 2.61) (layer F.SilkS) (width 0.12))
    (fp_line (start -3.7 2.95) (end -3.7 -2.95) (layer F.CrtYd) (width 0.05))
    (fp_line (start -3.7 -2.95) (end 3.7 -2.95) (layer F.CrtYd) (width 0.05))
    (fp_line (start 3.7 -2.95) (end 3.7 2.95) (layer F.CrtYd) (width 0.05))
    (fp_line (start 3.7 2.95) (end -3.7 2.95) (layer F.CrtYd) (width 0.05))
    (fp_text user %R (at 0 0) (layer F.Fab)
      (effects (font (size 1 1) (thickness 0.15)))
    )
    (pad 1 smd roundrect (at -2.55 0 180) (size 1.8 5.4) (layers F.Cu F.Paste F.Mask) (roundrect_rratio 0.138889)
      (net 3 "Net-(C3-Pad1)"))
    (pad 2 smd roundrect (at 2.55 0 180) (size 1.8 5.4) (layers F.Cu F.Paste F.Mask) (roundrect_rratio 0.138889)
      (net 4 "Net-(C3-Pad2)"))
    (model ${KISYS3DMOD}/Capacitor_SMD.3dshapes/C_2220_5650Metric.wrl
      (at (xyz 0 0 0))
      (scale (xyz 1 1 1))
      (rotate (xyz 0 0 0))
    )
  )

  (module Capacitor_SMD:C_2220_5650Metric (layer F.Cu) (tedit 5F68FEEE) (tstamp 5FAEEFAF)
    (at 119.5 110 180)
    (descr "Capacitor SMD 2220 (5650 Metric), square (rectangular) end terminal, IPC_7351 nominal, (Body size from: http://datasheets.avx.com/AVX-HV_MLCC.pdf), generated with kicad-footprint-generator")
    (tags capacitor)
    (path /5FB03EB8)
    (attr smd)
    (fp_text reference C4 (at 0.1 0) (layer F.SilkS)
      (effects (font (size 0.5 0.5) (thickness 0.125)))
    )
    (fp_text value 100n (at 0 3.65) (layer F.Fab)
      (effects (font (size 1 1) (thickness 0.15)))
    )
    (fp_line (start 3.7 2.95) (end -3.7 2.95) (layer F.CrtYd) (width 0.05))
    (fp_line (start 3.7 -2.95) (end 3.7 2.95) (layer F.CrtYd) (width 0.05))
    (fp_line (start -3.7 -2.95) (end 3.7 -2.95) (layer F.CrtYd) (width 0.05))
    (fp_line (start -3.7 2.95) (end -3.7 -2.95) (layer F.CrtYd) (width 0.05))
    (fp_line (start -1.415748 2.61) (end 1.415748 2.61) (layer F.SilkS) (width 0.12))
    (fp_line (start -1.415748 -2.61) (end 1.415748 -2.61) (layer F.SilkS) (width 0.12))
    (fp_line (start 2.85 2.5) (end -2.85 2.5) (layer F.Fab) (width 0.1))
    (fp_line (start 2.85 -2.5) (end 2.85 2.5) (layer F.Fab) (width 0.1))
    (fp_line (start -2.85 -2.5) (end 2.85 -2.5) (layer F.Fab) (width 0.1))
    (fp_line (start -2.85 2.5) (end -2.85 -2.5) (layer F.Fab) (width 0.1))
    (fp_text user %R (at 0 0) (layer F.Fab)
      (effects (font (size 1 1) (thickness 0.15)))
    )
    (pad 2 smd roundrect (at 2.55 0 180) (size 1.8 5.4) (layers F.Cu F.Paste F.Mask) (roundrect_rratio 0.138889)
      (net 4 "Net-(C3-Pad2)"))
    (pad 1 smd roundrect (at -2.55 0 180) (size 1.8 5.4) (layers F.Cu F.Paste F.Mask) (roundrect_rratio 0.138889)
      (net 3 "Net-(C3-Pad1)"))
    (model ${KISYS3DMOD}/Capacitor_SMD.3dshapes/C_2220_5650Metric.wrl
      (at (xyz 0 0 0))
      (scale (xyz 1 1 1))
      (rotate (xyz 0 0 0))
    )
  )

  (module Capacitor_SMD:C_2220_5650Metric (layer F.Cu) (tedit 5F68FEEE) (tstamp 5FAEEFC0)
    (at 119.5 122 180)
    (descr "Capacitor SMD 2220 (5650 Metric), square (rectangular) end terminal, IPC_7351 nominal, (Body size from: http://datasheets.avx.com/AVX-HV_MLCC.pdf), generated with kicad-footprint-generator")
    (tags capacitor)
    (path /5FB04449)
    (attr smd)
    (fp_text reference C5 (at 0.1 0) (layer F.SilkS)
      (effects (font (size 0.5 0.5) (thickness 0.125)))
    )
    (fp_text value 100n (at 0 3.65) (layer F.Fab)
      (effects (font (size 1 1) (thickness 0.15)))
    )
    (fp_line (start -2.85 2.5) (end -2.85 -2.5) (layer F.Fab) (width 0.1))
    (fp_line (start -2.85 -2.5) (end 2.85 -2.5) (layer F.Fab) (width 0.1))
    (fp_line (start 2.85 -2.5) (end 2.85 2.5) (layer F.Fab) (width 0.1))
    (fp_line (start 2.85 2.5) (end -2.85 2.5) (layer F.Fab) (width 0.1))
    (fp_line (start -1.415748 -2.61) (end 1.415748 -2.61) (layer F.SilkS) (width 0.12))
    (fp_line (start -1.415748 2.61) (end 1.415748 2.61) (layer F.SilkS) (width 0.12))
    (fp_line (start -3.7 2.95) (end -3.7 -2.95) (layer F.CrtYd) (width 0.05))
    (fp_line (start -3.7 -2.95) (end 3.7 -2.95) (layer F.CrtYd) (width 0.05))
    (fp_line (start 3.7 -2.95) (end 3.7 2.95) (layer F.CrtYd) (width 0.05))
    (fp_line (start 3.7 2.95) (end -3.7 2.95) (layer F.CrtYd) (width 0.05))
    (fp_text user %R (at 0 0) (layer F.Fab)
      (effects (font (size 1 1) (thickness 0.15)))
    )
    (pad 1 smd roundrect (at -2.55 0 180) (size 1.8 5.4) (layers F.Cu F.Paste F.Mask) (roundrect_rratio 0.138889)
      (net 3 "Net-(C3-Pad1)"))
    (pad 2 smd roundrect (at 2.55 0 180) (size 1.8 5.4) (layers F.Cu F.Paste F.Mask) (roundrect_rratio 0.138889)
      (net 4 "Net-(C3-Pad2)"))
    (model ${KISYS3DMOD}/Capacitor_SMD.3dshapes/C_2220_5650Metric.wrl
      (at (xyz 0 0 0))
      (scale (xyz 1 1 1))
      (rotate (xyz 0 0 0))
    )
  )

  (module Capacitor_SMD:C_2220_5650Metric (layer F.Cu) (tedit 5F68FEEE) (tstamp 5FAEEFD1)
    (at 119.5 104 180)
    (descr "Capacitor SMD 2220 (5650 Metric), square (rectangular) end terminal, IPC_7351 nominal, (Body size from: http://datasheets.avx.com/AVX-HV_MLCC.pdf), generated with kicad-footprint-generator")
    (tags capacitor)
    (path /5FB04992)
    (attr smd)
    (fp_text reference C6 (at 0 0) (layer F.SilkS)
      (effects (font (size 0.5 0.5) (thickness 0.125)))
    )
    (fp_text value 100n (at 0 3.65) (layer F.Fab)
      (effects (font (size 1 1) (thickness 0.15)))
    )
    (fp_line (start 3.7 2.95) (end -3.7 2.95) (layer F.CrtYd) (width 0.05))
    (fp_line (start 3.7 -2.95) (end 3.7 2.95) (layer F.CrtYd) (width 0.05))
    (fp_line (start -3.7 -2.95) (end 3.7 -2.95) (layer F.CrtYd) (width 0.05))
    (fp_line (start -3.7 2.95) (end -3.7 -2.95) (layer F.CrtYd) (width 0.05))
    (fp_line (start -1.415748 2.61) (end 1.415748 2.61) (layer F.SilkS) (width 0.12))
    (fp_line (start -1.415748 -2.61) (end 1.415748 -2.61) (layer F.SilkS) (width 0.12))
    (fp_line (start 2.85 2.5) (end -2.85 2.5) (layer F.Fab) (width 0.1))
    (fp_line (start 2.85 -2.5) (end 2.85 2.5) (layer F.Fab) (width 0.1))
    (fp_line (start -2.85 -2.5) (end 2.85 -2.5) (layer F.Fab) (width 0.1))
    (fp_line (start -2.85 2.5) (end -2.85 -2.5) (layer F.Fab) (width 0.1))
    (fp_text user %R (at 0 0) (layer F.Fab)
      (effects (font (size 1 1) (thickness 0.15)))
    )
    (pad 2 smd roundrect (at 2.55 0 180) (size 1.8 5.4) (layers F.Cu F.Paste F.Mask) (roundrect_rratio 0.138889)
      (net 4 "Net-(C3-Pad2)"))
    (pad 1 smd roundrect (at -2.55 0 180) (size 1.8 5.4) (layers F.Cu F.Paste F.Mask) (roundrect_rratio 0.138889)
      (net 3 "Net-(C3-Pad1)"))
    (model ${KISYS3DMOD}/Capacitor_SMD.3dshapes/C_2220_5650Metric.wrl
      (at (xyz 0 0 0))
      (scale (xyz 1 1 1))
      (rotate (xyz 0 0 0))
    )
  )

  (module Capacitor_SMD:C_0603_1608Metric (layer F.Cu) (tedit 5F68FEEE) (tstamp 5FAEEFE2)
    (at 160 131.2 180)
    (descr "Capacitor SMD 0603 (1608 Metric), square (rectangular) end terminal, IPC_7351 nominal, (Body size source: IPC-SM-782 page 76, https://www.pcb-3d.com/wordpress/wp-content/uploads/ipc-sm-782a_amendment_1_and_2.pdf), generated with kicad-footprint-generator")
    (tags capacitor)
    (path /5FC6DDAF)
    (attr smd)
    (fp_text reference C7 (at 2.2 0) (layer F.SilkS)
      (effects (font (size 0.5 0.5) (thickness 0.125)))
    )
    (fp_text value 0.1u (at 0 1.43) (layer F.Fab)
      (effects (font (size 1 1) (thickness 0.15)))
    )
    (fp_line (start 1.48 0.73) (end -1.48 0.73) (layer F.CrtYd) (width 0.05))
    (fp_line (start 1.48 -0.73) (end 1.48 0.73) (layer F.CrtYd) (width 0.05))
    (fp_line (start -1.48 -0.73) (end 1.48 -0.73) (layer F.CrtYd) (width 0.05))
    (fp_line (start -1.48 0.73) (end -1.48 -0.73) (layer F.CrtYd) (width 0.05))
    (fp_line (start -0.14058 0.51) (end 0.14058 0.51) (layer F.SilkS) (width 0.12))
    (fp_line (start -0.14058 -0.51) (end 0.14058 -0.51) (layer F.SilkS) (width 0.12))
    (fp_line (start 0.8 0.4) (end -0.8 0.4) (layer F.Fab) (width 0.1))
    (fp_line (start 0.8 -0.4) (end 0.8 0.4) (layer F.Fab) (width 0.1))
    (fp_line (start -0.8 -0.4) (end 0.8 -0.4) (layer F.Fab) (width 0.1))
    (fp_line (start -0.8 0.4) (end -0.8 -0.4) (layer F.Fab) (width 0.1))
    (fp_text user %R (at 0 0) (layer F.Fab)
      (effects (font (size 0.4 0.4) (thickness 0.06)))
    )
    (pad 2 smd roundrect (at 0.775 0 180) (size 0.9 0.95) (layers F.Cu F.Paste F.Mask) (roundrect_rratio 0.25)
      (net 2 GND))
    (pad 1 smd roundrect (at -0.775 0 180) (size 0.9 0.95) (layers F.Cu F.Paste F.Mask) (roundrect_rratio 0.25)
      (net 5 /VREF))
    (model ${KISYS3DMOD}/Capacitor_SMD.3dshapes/C_0603_1608Metric.wrl
      (at (xyz 0 0 0))
      (scale (xyz 1 1 1))
      (rotate (xyz 0 0 0))
    )
  )

  (module Capacitor_SMD:C_0603_1608Metric (layer F.Cu) (tedit 5F68FEEE) (tstamp 5FAEEFF3)
    (at 156.4 126.425 90)
    (descr "Capacitor SMD 0603 (1608 Metric), square (rectangular) end terminal, IPC_7351 nominal, (Body size source: IPC-SM-782 page 76, https://www.pcb-3d.com/wordpress/wp-content/uploads/ipc-sm-782a_amendment_1_and_2.pdf), generated with kicad-footprint-generator")
    (tags capacitor)
    (path /5FC62658)
    (attr smd)
    (fp_text reference C8 (at 0 -1.6 180) (layer F.SilkS)
      (effects (font (size 0.5 0.5) (thickness 0.125)))
    )
    (fp_text value 0.1u (at 0 1.43 90) (layer F.Fab)
      (effects (font (size 1 1) (thickness 0.15)))
    )
    (fp_line (start -0.8 0.4) (end -0.8 -0.4) (layer F.Fab) (width 0.1))
    (fp_line (start -0.8 -0.4) (end 0.8 -0.4) (layer F.Fab) (width 0.1))
    (fp_line (start 0.8 -0.4) (end 0.8 0.4) (layer F.Fab) (width 0.1))
    (fp_line (start 0.8 0.4) (end -0.8 0.4) (layer F.Fab) (width 0.1))
    (fp_line (start -0.14058 -0.51) (end 0.14058 -0.51) (layer F.SilkS) (width 0.12))
    (fp_line (start -0.14058 0.51) (end 0.14058 0.51) (layer F.SilkS) (width 0.12))
    (fp_line (start -1.48 0.73) (end -1.48 -0.73) (layer F.CrtYd) (width 0.05))
    (fp_line (start -1.48 -0.73) (end 1.48 -0.73) (layer F.CrtYd) (width 0.05))
    (fp_line (start 1.48 -0.73) (end 1.48 0.73) (layer F.CrtYd) (width 0.05))
    (fp_line (start 1.48 0.73) (end -1.48 0.73) (layer F.CrtYd) (width 0.05))
    (fp_text user %R (at 0 0 90) (layer F.Fab)
      (effects (font (size 0.4 0.4) (thickness 0.06)))
    )
    (pad 1 smd roundrect (at -0.775 0 90) (size 0.9 0.95) (layers F.Cu F.Paste F.Mask) (roundrect_rratio 0.25)
      (net 6 "Net-(C8-Pad1)"))
    (pad 2 smd roundrect (at 0.775 0 90) (size 0.9 0.95) (layers F.Cu F.Paste F.Mask) (roundrect_rratio 0.25)
      (net 2 GND))
    (model ${KISYS3DMOD}/Capacitor_SMD.3dshapes/C_0603_1608Metric.wrl
      (at (xyz 0 0 0))
      (scale (xyz 1 1 1))
      (rotate (xyz 0 0 0))
    )
  )

  (module Capacitor_SMD:C_0603_1608Metric (layer F.Cu) (tedit 5F68FEEE) (tstamp 5FAEF004)
    (at 155 117.75 270)
    (descr "Capacitor SMD 0603 (1608 Metric), square (rectangular) end terminal, IPC_7351 nominal, (Body size source: IPC-SM-782 page 76, https://www.pcb-3d.com/wordpress/wp-content/uploads/ipc-sm-782a_amendment_1_and_2.pdf), generated with kicad-footprint-generator")
    (tags capacitor)
    (path /5FBD2461)
    (attr smd)
    (fp_text reference C9 (at -1.95 0 180) (layer F.SilkS)
      (effects (font (size 0.5 0.5) (thickness 0.125)))
    )
    (fp_text value 0.1u (at 0 1.43 90) (layer F.Fab)
      (effects (font (size 1 1) (thickness 0.15)))
    )
    (fp_line (start -0.8 0.4) (end -0.8 -0.4) (layer F.Fab) (width 0.1))
    (fp_line (start -0.8 -0.4) (end 0.8 -0.4) (layer F.Fab) (width 0.1))
    (fp_line (start 0.8 -0.4) (end 0.8 0.4) (layer F.Fab) (width 0.1))
    (fp_line (start 0.8 0.4) (end -0.8 0.4) (layer F.Fab) (width 0.1))
    (fp_line (start -0.14058 -0.51) (end 0.14058 -0.51) (layer F.SilkS) (width 0.12))
    (fp_line (start -0.14058 0.51) (end 0.14058 0.51) (layer F.SilkS) (width 0.12))
    (fp_line (start -1.48 0.73) (end -1.48 -0.73) (layer F.CrtYd) (width 0.05))
    (fp_line (start -1.48 -0.73) (end 1.48 -0.73) (layer F.CrtYd) (width 0.05))
    (fp_line (start 1.48 -0.73) (end 1.48 0.73) (layer F.CrtYd) (width 0.05))
    (fp_line (start 1.48 0.73) (end -1.48 0.73) (layer F.CrtYd) (width 0.05))
    (fp_text user %R (at 0 0 90) (layer F.Fab)
      (effects (font (size 0.4 0.4) (thickness 0.06)))
    )
    (pad 1 smd roundrect (at -0.775 0 270) (size 0.9 0.95) (layers F.Cu F.Paste F.Mask) (roundrect_rratio 0.25)
      (net 7 /ISEN))
    (pad 2 smd roundrect (at 0.775 0 270) (size 0.9 0.95) (layers F.Cu F.Paste F.Mask) (roundrect_rratio 0.25)
      (net 2 GND))
    (model ${KISYS3DMOD}/Capacitor_SMD.3dshapes/C_0603_1608Metric.wrl
      (at (xyz 0 0 0))
      (scale (xyz 1 1 1))
      (rotate (xyz 0 0 0))
    )
  )

  (module Capacitor_SMD:CP_Elec_10x12.5 (layer F.Cu) (tedit 5BCA39D1) (tstamp 5FAEF02C)
    (at 144.5 136.75 270)
    (descr "SMD capacitor, aluminum electrolytic, Vishay 1012, 10.0x12.5mm, http://www.vishay.com/docs/28395/150crz.pdf")
    (tags "capacitor electrolytic")
    (path /5FB200C5)
    (attr smd)
    (fp_text reference C10 (at 4.45 4.1 180) (layer F.SilkS)
      (effects (font (size 0.5 0.5) (thickness 0.125)))
    )
    (fp_text value 330u (at 0 6.3 90) (layer F.Fab)
      (effects (font (size 1 1) (thickness 0.15)))
    )
    (fp_circle (center 0 0) (end 5 0) (layer F.Fab) (width 0.1))
    (fp_line (start 5.25 -5.25) (end 5.25 5.25) (layer F.Fab) (width 0.1))
    (fp_line (start -4.25 -5.25) (end 5.25 -5.25) (layer F.Fab) (width 0.1))
    (fp_line (start -4.25 5.25) (end 5.25 5.25) (layer F.Fab) (width 0.1))
    (fp_line (start -5.25 -4.25) (end -5.25 4.25) (layer F.Fab) (width 0.1))
    (fp_line (start -5.25 -4.25) (end -4.25 -5.25) (layer F.Fab) (width 0.1))
    (fp_line (start -5.25 4.25) (end -4.25 5.25) (layer F.Fab) (width 0.1))
    (fp_line (start -4.558325 -1.7) (end -3.558325 -1.7) (layer F.Fab) (width 0.1))
    (fp_line (start -4.058325 -2.2) (end -4.058325 -1.2) (layer F.Fab) (width 0.1))
    (fp_line (start 5.36 5.36) (end 5.36 1.51) (layer F.SilkS) (width 0.12))
    (fp_line (start 5.36 -5.36) (end 5.36 -1.51) (layer F.SilkS) (width 0.12))
    (fp_line (start -4.295563 -5.36) (end 5.36 -5.36) (layer F.SilkS) (width 0.12))
    (fp_line (start -4.295563 5.36) (end 5.36 5.36) (layer F.SilkS) (width 0.12))
    (fp_line (start -5.36 4.295563) (end -5.36 1.51) (layer F.SilkS) (width 0.12))
    (fp_line (start -5.36 -4.295563) (end -5.36 -1.51) (layer F.SilkS) (width 0.12))
    (fp_line (start -5.36 -4.295563) (end -4.295563 -5.36) (layer F.SilkS) (width 0.12))
    (fp_line (start -5.36 4.295563) (end -4.295563 5.36) (layer F.SilkS) (width 0.12))
    (fp_line (start -6.85 -2.76) (end -5.6 -2.76) (layer F.SilkS) (width 0.12))
    (fp_line (start -6.225 -3.385) (end -6.225 -2.135) (layer F.SilkS) (width 0.12))
    (fp_line (start 5.5 -5.5) (end 5.5 -1.5) (layer F.CrtYd) (width 0.05))
    (fp_line (start 5.5 -1.5) (end 6.65 -1.5) (layer F.CrtYd) (width 0.05))
    (fp_line (start 6.65 -1.5) (end 6.65 1.5) (layer F.CrtYd) (width 0.05))
    (fp_line (start 6.65 1.5) (end 5.5 1.5) (layer F.CrtYd) (width 0.05))
    (fp_line (start 5.5 1.5) (end 5.5 5.5) (layer F.CrtYd) (width 0.05))
    (fp_line (start -4.35 5.5) (end 5.5 5.5) (layer F.CrtYd) (width 0.05))
    (fp_line (start -4.35 -5.5) (end 5.5 -5.5) (layer F.CrtYd) (width 0.05))
    (fp_line (start -5.5 4.35) (end -4.35 5.5) (layer F.CrtYd) (width 0.05))
    (fp_line (start -5.5 -4.35) (end -4.35 -5.5) (layer F.CrtYd) (width 0.05))
    (fp_line (start -5.5 -4.35) (end -5.5 -1.5) (layer F.CrtYd) (width 0.05))
    (fp_line (start -5.5 1.5) (end -5.5 4.35) (layer F.CrtYd) (width 0.05))
    (fp_line (start -5.5 -1.5) (end -6.65 -1.5) (layer F.CrtYd) (width 0.05))
    (fp_line (start -6.65 -1.5) (end -6.65 1.5) (layer F.CrtYd) (width 0.05))
    (fp_line (start -6.65 1.5) (end -5.5 1.5) (layer F.CrtYd) (width 0.05))
    (fp_text user %R (at 0 0 90) (layer F.Fab)
      (effects (font (size 1 1) (thickness 0.15)))
    )
    (pad 1 smd roundrect (at -4.2 0 270) (size 4.4 2.5) (layers F.Cu F.Paste F.Mask) (roundrect_rratio 0.1)
      (net 8 /VSEN))
    (pad 2 smd roundrect (at 4.2 0 270) (size 4.4 2.5) (layers F.Cu F.Paste F.Mask) (roundrect_rratio 0.1)
      (net 2 GND))
    (model ${KISYS3DMOD}/Capacitor_SMD.3dshapes/CP_Elec_10x12.5.wrl
      (at (xyz 0 0 0))
      (scale (xyz 1 1 1))
      (rotate (xyz 0 0 0))
    )
  )

  (module Capacitor_SMD:CP_Elec_10x12.5 (layer F.Cu) (tedit 5BCA39D1) (tstamp 5FAEF054)
    (at 144.5 108 270)
    (descr "SMD capacitor, aluminum electrolytic, Vishay 1012, 10.0x12.5mm, http://www.vishay.com/docs/28395/150crz.pdf")
    (tags "capacitor electrolytic")
    (path /5FB23F56)
    (attr smd)
    (fp_text reference C11 (at 4.8 4.3 180) (layer F.SilkS)
      (effects (font (size 0.5 0.5) (thickness 0.125)))
    )
    (fp_text value 330u (at 0 6.3 90) (layer F.Fab)
      (effects (font (size 1 1) (thickness 0.15)))
    )
    (fp_line (start -6.65 1.5) (end -5.5 1.5) (layer F.CrtYd) (width 0.05))
    (fp_line (start -6.65 -1.5) (end -6.65 1.5) (layer F.CrtYd) (width 0.05))
    (fp_line (start -5.5 -1.5) (end -6.65 -1.5) (layer F.CrtYd) (width 0.05))
    (fp_line (start -5.5 1.5) (end -5.5 4.35) (layer F.CrtYd) (width 0.05))
    (fp_line (start -5.5 -4.35) (end -5.5 -1.5) (layer F.CrtYd) (width 0.05))
    (fp_line (start -5.5 -4.35) (end -4.35 -5.5) (layer F.CrtYd) (width 0.05))
    (fp_line (start -5.5 4.35) (end -4.35 5.5) (layer F.CrtYd) (width 0.05))
    (fp_line (start -4.35 -5.5) (end 5.5 -5.5) (layer F.CrtYd) (width 0.05))
    (fp_line (start -4.35 5.5) (end 5.5 5.5) (layer F.CrtYd) (width 0.05))
    (fp_line (start 5.5 1.5) (end 5.5 5.5) (layer F.CrtYd) (width 0.05))
    (fp_line (start 6.65 1.5) (end 5.5 1.5) (layer F.CrtYd) (width 0.05))
    (fp_line (start 6.65 -1.5) (end 6.65 1.5) (layer F.CrtYd) (width 0.05))
    (fp_line (start 5.5 -1.5) (end 6.65 -1.5) (layer F.CrtYd) (width 0.05))
    (fp_line (start 5.5 -5.5) (end 5.5 -1.5) (layer F.CrtYd) (width 0.05))
    (fp_line (start -6.225 -3.385) (end -6.225 -2.135) (layer F.SilkS) (width 0.12))
    (fp_line (start -6.85 -2.76) (end -5.6 -2.76) (layer F.SilkS) (width 0.12))
    (fp_line (start -5.36 4.295563) (end -4.295563 5.36) (layer F.SilkS) (width 0.12))
    (fp_line (start -5.36 -4.295563) (end -4.295563 -5.36) (layer F.SilkS) (width 0.12))
    (fp_line (start -5.36 -4.295563) (end -5.36 -1.51) (layer F.SilkS) (width 0.12))
    (fp_line (start -5.36 4.295563) (end -5.36 1.51) (layer F.SilkS) (width 0.12))
